000000000000000000000000000000000000000000000
000000000000000000000000000111000000000000000
000000000000000000000000000000000000000000011
000000000000000000000000010000010000000000011
000000000000000000000000010000010000000000000
000000000000000000000010010000010000000000000
000000000000000000110001000000000000000000000
000000110000000001001011000111000000110000000
000000110001010000010000000000000000100000000
000000000001001010010000000000000000000100000
000000000001001010010000000000000000001100000
000000000000001100010000000000000000000000000
000000000000000000011000000000000000000000000
000000000000000000111000010000000000000000000
000000000000000000000000010000000000000000000
000000000000000000110000010000000000000001100
000000001000000000110000000000000000000001100
000011101000000000000000000000000000000000000
000100001000000000000000000000000000000000000
000001100000000000000000000000000000000000000
