000000000000000000000000000000000000000000000
000000000000001010000000000000000000000000000
000000000000000100000000000000000000000000000
001000101001010001000000000000000000000000000
000101000101010011000000000000000000000000000
000010000010010101000000000000000000000000000
000101000100011001000000000000000000000000000
001000101000010001000000000000000000000000000
000000000000000000000000000000000000000000000
000000000000000000000000000000000000000000000
000000000000000000000000000000000000000000000
000000000000000000000000000000000000000000000
000000000000000000000000000000000000000000000
000000000000000000000000000000000000000000000
000000000000000000000000000000000000000000000
000000000000000000000000000000000000000000000
000000000000000000000000000000000000000000000
000000000000000000000000000000000000000000000
000000000000000000000000000000000000000000000
000000000000000000000000000000000000000000000
