000000000011000100000001100000000000000000000
000001100110100110000001100000000001010000000
000001100101100101111101001000000001011000000
000000000110000001111100100000000000100100110
000001110100001110000001000010000010011000011
000000100110110010000000101010001110010000100
000000011000100101010000000000001000010000000
000000000000011101010000000000000111100000000
000000000000010101010000000001000001100000000
000000000000100100000000000100100000000001000
000000000001000000110000000000100000000100010
010000000001000000111000000000100000000000000
101000000001011000001110101101000000001000001
101000000000111000010010110010000000001000001
110000000000000000000000110000001110000100000
110000000000000010010100000000000000000100010
010110000000000000001100000000100000100000110
001100000000000001110000000000111011100000000
000000000000000000101000000000010001000000000
000000000000000000110000000000001010000000000
